STATIONS_ID;MESS_DATUM;QN_4;TT_TER;RF_TER;eor
        183;2024041306;    9;    9.9;  90.0;eor
        183;2024041312;    9;   14.0;  82.0;eor
        183;2024041318;    9;   12.1;  85.0;eor
        183;2024041406;    9;    9.0;  78.0;eor
        183;2024041412;    9;   10.6;  69.0;eor
        183;2024041418;    9;    8.6;  72.0;eor
        183;2024041506;    9;    6.8;  84.0;eor
        183;2024041512;    9;    8.5;  76.0;eor
        183;2024041518;    9;    6.6;  95.0;eor
        183;2024041606;    9;    5.0;  94.0;eor
        183;2024041612;    9;    5.3;  87.0;eor
        183;2024041618;    9;    4.0;  86.0;eor
        183;2024041706;    9;    4.8;  83.0;eor
        183;2024041712;    9;    7.7;  78.0;eor
        183;2024041718;    9;    4.8;  76.0;eor
        183;2024041806;    9;    6.6;  87.0;eor
        183;2024041812;    9;    9.6;  45.0;eor
        183;2024041818;    9;    6.9;  79.0;eor
        183;2024041906;    9;    4.8;  93.0;eor
        183;2024041912;    9;    5.6;  89.0;eor
        183;2024041918;    9;    4.8;  93.0;eor
        183;2024042006;    9;    3.1;  67.0;eor
        183;2024042012;    9;    5.3;  58.0;eor
        183;2024042018;    9;    4.4;  73.0;eor
        183;2024042106;    9;    6.4;  76.0;eor
        183;2024042112;    9;    6.0;  65.0;eor
        183;2024042118;    9;    3.1;  60.0;eor
        183;2024042206;    9;    2.0;  79.0;eor
        183;2024042212;    9;    3.9;  59.0;eor
        183;2024042218;    9;    2.2;  63.0;eor
        183;2024042306;    9;    3.0;  68.0;eor
        183;2024042312;    9;    6.1;  59.0;eor
        183;2024042318;    9;    6.0;  67.0;eor
        183;2024042406;    9;    6.1;  69.0;eor
        183;2024042412;    9;    7.6;  70.0;eor
        183;2024042418;    9;    5.7;  80.0;eor
        183;2024042506;    9;    6.5;  87.0;eor
        183;2024042512;    9;    7.8;  72.0;eor
        183;2024042518;    9;    5.8;  86.0;eor
        183;2024042606;    9;    5.7;  82.0;eor
        183;2024042612;    9;    9.0;  78.0;eor
        183;2024042618;    9;    5.9;  89.0;eor
        183;2024042706;    9;    7.5;  95.0;eor
        183;2024042712;    9;   10.1;  82.0;eor
        183;2024042718;    9;    8.0;  86.0;eor
        183;2024042806;    9;   12.8;  62.0;eor
        183;2024042812;    9;   11.5;  79.0;eor
        183;2024042818;    9;   14.6;  66.0;eor
        183;2024042906;    9;   10.6;  75.0;eor
        183;2024042912;    9;   13.1;  69.0;eor
        183;2024042918;    9;   10.0;  80.0;eor
        183;2024043006;    9;    9.1;  84.0;eor
        183;2024043012;    9;   11.2;  73.0;eor
        183;2024043018;    9;    8.5;  92.0;eor
        183;2024050106;    9;    9.4;  89.0;eor
        183;2024050112;    9;   11.1;  82.0;eor
        183;2024050118;    9;    8.6;  89.0;eor
        183;2024050206;    9;   10.9;  80.0;eor
        183;2024050212;    9;   11.1;  81.0;eor
        183;2024050218;    9;   10.2;  84.0;eor
        183;2024050306;    9;    9.2;  89.0;eor
        183;2024050312;    9;   10.5;  82.0;eor
        183;2024050318;    9;    9.1;  94.0;eor
        183;2024050406;    9;   10.3; 100.0;eor
        183;2024050412;    9;   12.7;  89.0;eor
        183;2024050418;    9;   11.4;  88.0;eor
        183;2024050506;    9;    9.4;  99.0;eor
        183;2024050512;    9;   10.4;  97.0;eor
        183;2024050518;    9;   12.9;  76.0;eor
        183;2024050606;    9;   10.6;  94.0;eor
        183;2024050612;    9;   10.2;  90.0;eor
        183;2024050618;    9;   11.2;  85.0;eor
        183;2024050706;    9;    8.8;  84.0;eor
        183;2024050712;    9;    8.7;  78.0;eor
        183;2024050718;    9;    7.6;  86.0;eor
        183;2024050806;    9;    9.2;  80.0;eor
        183;2024050812;    9;   12.0;  68.0;eor
        183;2024050818;    9;   10.9;  78.0;eor
        183;2024050906;    9;   11.0;  76.0;eor
        183;2024050912;    9;   15.9;  46.0;eor
        183;2024050918;    9;   13.0;  73.0;eor
        183;2024051006;    9;   12.3;  83.0;eor
        183;2024051012;    9;   11.8;  87.0;eor
        183;2024051018;    9;   12.2;  90.0;eor
        183;2024051106;    9;   10.0;  94.0;eor
        183;2024051112;    9;   10.3;  92.0;eor
        183;2024051118;    9;    9.2;  99.0;eor
        183;2024051206;    9;   11.7;  69.0;eor
        183;2024051212;    9;   12.0;  69.0;eor
        183;2024051218;    9;   10.1;  76.0;eor
        183;2024051306;    9;   12.7;  78.0;eor
        183;2024051312;    9;   12.3;  80.0;eor
        183;2024051318;    9;   11.2;  79.0;eor
        183;2024051406;    9;   13.0;  77.0;eor
        183;2024051412;    9;   13.1;  78.0;eor
        183;2024051418;    9;   11.6;  84.0;eor
        183;2024051506;    9;   14.4;  78.0;eor
        183;2024051512;    9;   15.8;  73.0;eor
        183;2024051518;    9;   12.9;  80.0;eor
        183;2024051606;    9;   13.4;  74.0;eor
        183;2024051612;    9;   13.8;  72.0;eor
        183;2024051618;    9;   12.8;  80.0;eor
        183;2024051706;    9;   13.4;  72.0;eor
        183;2024051712;    9;   14.1;  68.0;eor
        183;2024051718;    9;   12.5;  78.0;eor
        183;2024051806;    9;   13.5;  78.0;eor
        183;2024051812;    9;   14.8;  74.0;eor
        183;2024051818;    9;   13.1;  81.0;eor
        183;2024051906;    9;   13.2;  89.0;eor
        183;2024051912;    9;   15.0;  80.0;eor
        183;2024051918;    9;   13.7;  87.0;eor
        183;2024052006;    9;   13.7;  91.0;eor
        183;2024052012;    9;   15.8;  83.0;eor
        183;2024052018;    9;   13.6;  89.0;eor
        183;2024052106;    9;   11.8;  89.0;eor
        183;2024052112;    9;   14.6;  83.0;eor
        183;2024052118;    9;   13.2;  89.0;eor
        183;2024052206;    9;   14.3;  86.0;eor
        183;2024052212;    9;   15.2;  81.0;eor
        183;2024052218;    9;   14.4;  87.0;eor
        183;2024052306;    9;   13.9;  96.0;eor
        183;2024052312;    9;   13.4;  97.0;eor
        183;2024052318;    9;   14.9;  89.0;eor
        183;2024052406;    9;   14.1;  89.0;eor
        183;2024052412;    9;   16.7;  78.0;eor
        183;2024052418;    9;   15.3;  79.0;eor
        183;2024052506;    9;   14.5;  88.0;eor
        183;2024052512;    9;   14.2;  91.0;eor
        183;2024052518;    9;   14.4;  92.0;eor
        183;2024052606;    9;   14.1;  91.0;eor
        183;2024052612;    9;   16.6;  83.0;eor
        183;2024052618;    9;   15.1;  96.0;eor
        183;2024052706;    9;   18.7;  80.0;eor
        183;2024052712;    9;   17.3;  80.0;eor
        183;2024052718;    9;   17.2;  79.0;eor
        183;2024052806;    9;   15.0;  98.0;eor
        183;2024052812;    9;   15.7;  80.0;eor
        183;2024052818;    9;   13.7;  85.0;eor
        183;2024052906;    9;   14.6;  81.0;eor
        183;2024052912;    9;   18.2;  76.0;eor
        183;2024052918;    9;   15.3;  88.0;eor
        183;2024053006;    9;   16.1;  86.0;eor
        183;2024053012;    9;   17.9;  83.0;eor
        183;2024053018;    9;   15.6;  89.0;eor
        183;2024053106;    9;   15.0;  97.0;eor
        183;2024053112;    9;   16.9;  85.0;eor
        183;2024053118;    9;   15.3;  93.0;eor
        183;2024060106;    9;   16.6;  87.0;eor
        183;2024060112;    9;   17.5;  80.0;eor
        183;2024060118;    9;   18.0;  80.0;eor
        183;2024060206;    9;   16.2;  96.0;eor
        183;2024060212;    9;   19.3;  82.0;eor
        183;2024060218;    9;   18.0;  86.0;eor
        183;2024060306;    9;   13.3;  85.0;eor
        183;2024060312;    9;   15.5;  72.0;eor
        183;2024060318;    9;   15.7;  85.0;eor
        183;2024060406;    9;   14.0;  81.0;eor
        183;2024060412;    9;   16.8;  74.0;eor
        183;2024060418;    9;   16.0;  90.0;eor
        183;2024060506;    9;   16.0;  73.0;eor
        183;2024060512;    9;   15.4;  67.0;eor
        183;2024060518;    9;   14.5;  64.0;eor
        183;2024060606;    9;   13.4;  64.0;eor
        183;2024060612;    9;   15.3;  58.0;eor
        183;2024060618;    9;   13.7;  70.0;eor
        183;2024060706;    9;   13.2;  71.0;eor
        183;2024060712;    9;   15.6;  59.0;eor
        183;2024060718;    9;   14.1;  68.0;eor
        183;2024060806;    9;   14.1;  75.0;eor
        183;2024060812;    9;   17.1;  72.0;eor
        183;2024060818;    9;   16.5;  66.0;eor
        183;2024060906;    9;   10.0;  80.0;eor
        183;2024060912;    9;   13.9;  59.0;eor
        183;2024060918;    9;   12.5;  70.0;eor
        183;2024061006;    9;   11.6;  82.0;eor
        183;2024061012;    9;   15.7;  60.0;eor
        183;2024061018;    9;   14.2;  68.0;eor
        183;2024061106;    9;   11.3;  89.0;eor
        183;2024061112;    9;   13.6;  78.0;eor
        183;2024061118;    9;   13.3;  75.0;eor
        183;2024061206;    9;   10.7;  89.0;eor
        183;2024061212;    9;   14.6;  62.0;eor
        183;2024061218;    9;   13.3;  66.0;eor
        183;2024061306;    9;   10.4;  94.0;eor
        183;2024061312;    9;   13.2;  65.0;eor
        183;2024061318;    9;   12.6;  73.0;eor
        183;2024061406;    9;   14.0;  72.0;eor
        183;2024061412;    9;   16.2;  60.0;eor
        183;2024061418;    9;   16.9;  62.0;eor
        183;2024061506;    9;   15.9;  78.0;eor
        183;2024061512;    9;   15.7;  93.0;eor
        183;2024061518;    9;   15.6;  72.0;eor
        183;2024061606;    9;   16.0;  72.0;eor
        183;2024061612;    9;   18.2;  79.0;eor
        183;2024061618;    9;   17.6;  74.0;eor
        183;2024061706;    9;   16.5;  90.0;eor
        183;2024061712;    9;   17.1;  89.0;eor
        183;2024061718;    9;   16.5;  82.0;eor
        183;2024061806;    9;   15.7;  90.0;eor
        183;2024061812;    9;   18.7;  61.0;eor
        183;2024061818;    9;   16.5;  80.0;eor
        183;2024061906;    9;   14.9;  82.0;eor
        183;2024061912;    9;   15.8;  69.0;eor
        183;2024061918;    9;   16.3;  75.0;eor
        183;2024062006;    9;   12.8;  76.0;eor
        183;2024062012;    9;   17.1;  67.0;eor
        183;2024062018;    9;   16.0;  59.0;eor
        183;2024062106;    9;   16.5;  85.0;eor
        183;2024062112;    9;   18.4;  80.0;eor
        183;2024062118;    9;   15.7;  91.0;eor
        183;2024062206;    9;   17.5;  95.0;eor
        183;2024062212;    9;   15.9;  88.0;eor
        183;2024062218;    9;   15.7;  85.0;eor
        183;2024062306;    9;   14.5;  81.0;eor
        183;2024062312;    9;   17.2;  74.0;eor
        183;2024062318;    9;   17.1;  76.0;eor
        183;2024062406;    9;   16.2;  84.0;eor
        183;2024062412;    9;   17.4;  81.0;eor
        183;2024062418;    9;   16.9;  83.0;eor
        183;2024062506;    9;   18.5;  76.0;eor
        183;2024062512;    9;   18.4;  76.0;eor
        183;2024062518;    9;   17.3;  89.0;eor
        183;2024062606;    9;   17.9;  91.0;eor
        183;2024062612;    9;   19.6;  81.0;eor
        183;2024062618;    9;   18.9;  86.0;eor
        183;2024062706;    9;   20.4;  84.0;eor
        183;2024062712;    9;   20.8;  82.0;eor
        183;2024062718;    9;   20.5;  84.0;eor
        183;2024062806;    9;   20.0;  98.0;eor
        183;2024062812;    9;   19.6;  85.0;eor
        183;2024062818;    9;   18.8;  68.0;eor
        183;2024062906;    9;   16.9;  74.0;eor
        183;2024062912;    9;   19.0;  63.0;eor
        183;2024062918;    9;   17.5;  83.0;eor
        183;2024063006;    9;   16.8;  99.0;eor
        183;2024063012;    9;   21.6;  83.0;eor
        183;2024063018;    9;   16.4;  88.0;eor
        183;2024070106;    9;   16.2;  90.0;eor
        183;2024070112;    9;   17.0;  77.0;eor
        183;2024070118;    9;   15.8;  81.0;eor
        183;2024070206;    9;   15.2;  78.0;eor
        183;2024070212;    9;   17.5;  70.0;eor
        183;2024070218;    9;   15.0;  93.0;eor
        183;2024070306;    9;   14.0;  69.0;eor
        183;2024070312;    9;   16.2;  66.0;eor
        183;2024070318;    9;   15.5;  68.0;eor
        183;2024070406;    9;   13.2;  88.0;eor
        183;2024070412;    9;   13.9;  95.0;eor
        183;2024070418;    9;   16.0;  57.0;eor
        183;2024070506;    9;   12.8;  77.0;eor
        183;2024070512;    9;   18.7;  56.0;eor
        183;2024070518;    9;   13.3;  91.0;eor
        183;2024070606;    9;   16.0;  82.0;eor
        183;2024070612;    9;   22.7;  61.0;eor
        183;2024070618;    9;   22.4;  66.0;eor
        183;2024070706;    9;   14.4;  74.0;eor
        183;2024070712;    9;   19.0;  60.0;eor
        183;2024070718;    9;   17.9;  61.0;eor
        183;2024070806;    9;   16.9;  71.0;eor
        183;2024070812;    9;   19.6;  68.0;eor
        183;2024070818;    9;   19.8;  56.0;eor
        183;2024070906;    9;   17.2;  92.0;eor
        183;2024070912;    9;   18.9;  81.0;eor
        183;2024070918;    9;   17.9;  90.0;eor
        183;2024071006;    9;   22.0;  72.0;eor
        183;2024071012;    9;   19.8;  87.0;eor
        183;2024071018;    9;   21.0;  82.0;eor
        183;2024071106;    9;   18.4;  94.0;eor
        183;2024071112;    9;   16.7;  93.0;eor
        183;2024071118;    9;   20.1;  66.0;eor
        183;2024071206;    9;   19.0;  89.0;eor
        183;2024071212;    9;   20.0;  82.0;eor
        183;2024071218;    9;   18.5;  83.0;eor
        183;2024071306;    9;   17.2;  99.0;eor
        183;2024071312;    9;   14.8;  98.0;eor
        183;2024071318;    9;   18.0;  74.0;eor
        183;2024071406;    9;   16.2;  81.0;eor
        183;2024071412;    9;   17.8;  75.0;eor
        183;2024071418;    9;   17.4;  77.0;eor
        183;2024071506;    9;   17.7;  75.0;eor
        183;2024071512;    9;   20.4;  65.0;eor
        183;2024071518;    9;   19.4;  71.0;eor
        183;2024071606;    9;   18.7;  80.0;eor
        183;2024071612;    9;   20.0;  88.0;eor
        183;2024071618;    9;   18.3;  96.0;eor
        183;2024071706;    9;   17.1;  89.0;eor
        183;2024071712;    9;   19.4;  73.0;eor
        183;2024071718;    9;   18.7;  81.0;eor
        183;2024071806;    9;   16.6;  83.0;eor
        183;2024071812;    9;   17.9;  77.0;eor
        183;2024071818;    9;   18.1;  74.0;eor
        183;2024071906;    9;   17.8;  85.0;eor
        183;2024071912;    9;   19.1;  74.0;eor
        183;2024071918;    9;   20.2;  61.0;eor
        183;2024072006;    9;   19.5;  77.0;eor
        183;2024072012;    9;   20.8;  66.0;eor
        183;2024072018;    9;   19.5;  79.0;eor
        183;2024072106;    9;   20.7;  87.0;eor
        183;2024072112;    9;   21.5;  84.0;eor
        183;2024072118;    9;   20.1;  86.0;eor
        183;2024072206;    9;   20.2;  94.0;eor
        183;2024072212;    9;   18.8;  98.0;eor
        183;2024072218;    9;   17.8;  81.0;eor
        183;2024072306;    9;   17.3;  72.0;eor
        183;2024072312;    9;   22.7;  61.0;eor
        183;2024072318;    9;   18.1;  86.0;eor
        183;2024072406;    9;   18.5;  85.0;eor
        183;2024072412;    9;   18.8;  71.0;eor
        183;2024072418;    9;   18.9;  70.0;eor
        183;2024072506;    9;   16.6;  71.0;eor
        183;2024072512;    9;   16.8;  67.0;eor
        183;2024072518;    9;   18.0;  66.0;eor
        183;2024072606;    9;   17.6;  79.0;eor
        183;2024072612;    9;   19.8;  78.0;eor
        183;2024072618;    9;   18.2;  88.0;eor
        183;2024072706;    9;   17.5;  90.0;eor
        183;2024072712;    9;   18.6;  75.0;eor
        183;2024072718;    9;   19.2;  67.0;eor
        183;2024072806;    9;   18.2;  79.0;eor
        183;2024072812;    9;   19.3;  68.0;eor
        183;2024072818;    9;   19.7;  68.0;eor
        183;2024072906;    9;   16.1;  80.0;eor
        183;2024072912;    9;   18.7;  70.0;eor
        183;2024072918;    9;   19.2;  72.0;eor
        183;2024073006;    9;   18.3;  87.0;eor
        183;2024073012;    9;   20.4;  69.0;eor
        183;2024073018;    9;   19.4;  77.0;eor
        183;2024073106;    9;   19.4;  80.0;eor
        183;2024073112;    9;   21.7;  65.0;eor
        183;2024073118;    9;   19.3;  72.0;eor
        183;2024080106;    9;   18.8;  72.0;eor
        183;2024080112;    9;   19.2;  70.0;eor
        183;2024080118;    9;   18.9;  69.0;eor
        183;2024080206;    9;   18.5;  85.0;eor
        183;2024080212;    9;   19.6;  69.0;eor
        183;2024080218;    9;   19.1;  72.0;eor
        183;2024080306;    9;   18.7;  83.0;eor
        183;2024080312;    9;   20.9;  71.0;eor
        183;2024080318;    9;   20.4;  69.0;eor
        183;2024080406;    9;   17.9;  96.0;eor
        183;2024080412;    9;   19.6;  88.0;eor
        183;2024080418;    9;   19.0;  84.0;eor
        183;2024080506;    9;   17.1;  71.0;eor
        183;2024080512;    9;   19.9;  65.0;eor
        183;2024080518;    9;   18.8;  72.0;eor
        183;2024080606;    9;   19.6;  73.0;eor
        183;2024080612;    9;   20.7;  63.0;eor
        183;2024080618;    9;   19.2;  78.0;eor
        183;2024080706;    9;   20.1;  77.0;eor
        183;2024080712;    9;   22.2;  77.0;eor
        183;2024080718;    9;   20.4;  86.0;eor
        183;2024080806;    9;   18.5;  80.0;eor
        183;2024080812;    9;   19.8;  72.0;eor
        183;2024080818;    9;   19.5;  74.0;eor
        183;2024080906;    9;   19.4;  73.0;eor
        183;2024080912;    9;   18.3;  88.0;eor
        183;2024080918;    9;   19.7;  89.0;eor
        183;2024081006;    9;   17.4;  81.0;eor
        183;2024081012;    9;   20.8;  60.0;eor
        183;2024081018;    9;   19.9;  65.0;eor
        183;2024081106;    9;   17.9;  77.0;eor
        183;2024081112;    9;   20.0;  64.0;eor
        183;2024081118;    9;   19.2;  70.0;eor
        183;2024081206;    9;   16.4;  72.0;eor
        183;2024081212;    9;   18.6;  69.0;eor
        183;2024081218;    9;   18.2;  71.0;eor
        183;2024081306;    9;   18.6;  78.0;eor
        183;2024081312;    9;   20.2;  69.0;eor
        183;2024081318;    9;   19.4;  81.0;eor
        183;2024081406;    9;   20.2;  76.0;eor
        183;2024081412;    9;   21.7;  78.0;eor
        183;2024081418;    9;   20.4;  85.0;eor
        183;2024081506;    9;   19.4;  95.0;eor
        183;2024081512;    9;   23.7;  80.0;eor
        183;2024081518;    9;   21.4;  83.0;eor
        183;2024081606;    9;   20.3;  85.0;eor
        183;2024081612;    9;   22.3;  70.0;eor
        183;2024081618;    9;   20.0;  87.0;eor
        183;2024081706;    9;   17.8;  88.0;eor
        183;2024081712;    9;   18.9;  67.0;eor
        183;2024081718;    9;   17.9;  68.0;eor
        183;2024081806;    9;   17.0;  77.0;eor
        183;2024081812;    9;   19.2;  68.0;eor
        183;2024081818;    9;   18.2;  72.0;eor
        183;2024081906;    9;   17.8;  71.0;eor
        183;2024081912;    9;   20.0;  62.0;eor
        183;2024081918;    9;   18.3;  68.0;eor
        183;2024082006;    9;   17.7;  75.0;eor
        183;2024082012;    9;   21.6;  58.0;eor
        183;2024082018;    9;   19.7;  80.0;eor
        183;2024082106;    9;   18.3;  93.0;eor
        183;2024082112;    9;   18.6;  67.0;eor
        183;2024082118;    9;   16.7;  68.0;eor
        183;2024082206;    9;   14.5;  88.0;eor
        183;2024082212;    9;   17.8;  72.0;eor
        183;2024082218;    9;   18.4;  71.0;eor
        183;2024082306;    9;   18.7;  72.0;eor
        183;2024082312;    9;   24.6;  47.0;eor
        183;2024082318;    9;   19.5;  73.0;eor
        183;2024082406;    9;   17.3;  78.0;eor
        183;2024082412;    9;   24.5;  66.0;eor
        183;2024082418;    9;   24.0;  69.0;eor
        183;2024082506;    9;   18.0;  85.0;eor
        183;2024082512;    9;   18.9;  66.0;eor
        183;2024082518;    9;   17.4;  69.0;eor
        183;2024082606;    9;   15.8;  73.0;eor
        183;2024082612;    9;   21.9;  44.0;eor
        183;2024082618;    9;   18.2;  64.0;eor
        183;2024082706;    9;   16.8;  78.0;eor
        183;2024082712;    9;   21.1;  57.0;eor
        183;2024082718;    9;   19.1;  86.0;eor
        183;2024082806;    9;   19.8;  73.0;eor
        183;2024082812;    9;   21.0;  74.0;eor
        183;2024082818;    9;   19.4;  87.0;eor
        183;2024082906;    9;   21.2;  83.0;eor
        183;2024082912;    9;   25.6;  72.0;eor
        183;2024082918;    9;   26.7;  61.0;eor
        183;2024083006;    9;   18.9;  80.0;eor
        183;2024083012;    9;   18.4;  70.0;eor
        183;2024083018;    9;   17.7;  71.0;eor
        183;2024083106;    9;   16.2;  73.0;eor
        183;2024083112;    9;   17.4;  69.0;eor
        183;2024083118;    9;   17.0;  69.0;eor
        183;2024090106;    9;   17.6;  80.0;eor
        183;2024090112;    9;   19.9;  70.0;eor
        183;2024090118;    9;   17.3;  83.0;eor
        183;2024090206;    9;   18.5;  77.0;eor
        183;2024090212;    9;   20.3;  69.0;eor
        183;2024090218;    9;   18.4;  80.0;eor
        183;2024090306;    9;   19.5;  84.0;eor
        183;2024090312;    9;   21.5;  82.0;eor
        183;2024090318;    9;   19.9;  95.0;eor
        183;2024090406;    9;   22.1;  66.0;eor
        183;2024090412;    9;   22.5;  79.0;eor
        183;2024090418;    9;   20.5;  87.0;eor
        183;2024090506;    9;   20.6;  87.0;eor
        183;2024090512;    9;   21.4;  82.0;eor
        183;2024090518;    9;   20.6;  84.0;eor
        183;2024090606;    9;   19.6;  88.0;eor
        183;2024090612;    9;   20.8;  83.0;eor
        183;2024090618;    9;   19.9;  87.0;eor
        183;2024090706;    9;   19.4;  82.0;eor
        183;2024090712;    9;   20.7;  76.0;eor
        183;2024090718;    9;   19.8;  92.0;eor
        183;2024090806;    9;   20.4;  85.0;eor
        183;2024090812;    9;   21.9;  78.0;eor
        183;2024090818;    9;   21.3;  85.0;eor
        183;2024090906;    9;   19.3;  96.0;eor
        183;2024090912;    9;   19.1;  97.0;eor
        183;2024090918;    9;   16.3;  91.0;eor
        183;2024091006;    9;   15.2;  70.0;eor
        183;2024091012;    9;   16.9;  65.0;eor
        183;2024091018;    9;   15.9;  72.0;eor
        183;2024091106;    9;   13.9;  95.0;eor
        183;2024091112;    9;   12.2;  86.0;eor
        183;2024091118;    9;   11.4;  86.0;eor
        183;2024091206;    9;    9.5;  92.0;eor
        183;2024091212;    9;   13.8;  65.0;eor
        183;2024091218;    9;   11.1;  74.0;eor
        183;2024091306;    9;   14.1;  70.0;eor
        183;2024091312;    9;   15.5;  69.0;eor
        183;2024091318;    9;   14.3;  66.0;eor
        183;2024091406;    9;   13.8;  67.0;eor
        183;2024091412;    9;   16.5;  54.0;eor
        183;2024091418;    9;   14.7;  60.0;eor
        183;2024091506;    9;   13.7;  62.0;eor
        183;2024091512;    9;   16.3;  65.0;eor
        183;2024091518;    9;   14.6;  70.0;eor
        183;2024091606;    9;   14.5;  82.0;eor
        183;2024091612;    9;   15.4;  90.0;eor
        183;2024091618;    9;   16.0;  89.0;eor
        183;2024091706;    9;   16.1;  92.0;eor
        183;2024091712;    9;   17.0;  89.0;eor
        183;2024091718;    9;   16.1;  90.0;eor
        183;2024091806;    9;   15.4;  92.0;eor
        183;2024091812;    9;   17.1;  87.0;eor
        183;2024091818;    9;   16.4;  91.0;eor
        183;2024091906;    9;   16.5;  91.0;eor
        183;2024091912;    9;   17.8;  88.0;eor
        183;2024091918;    9;   16.5;  97.0;eor
        183;2024092006;    9;   16.7;  98.0;eor
        183;2024092012;    9;   17.8;  90.0;eor
        183;2024092018;    9;   15.9;  94.0;eor
        183;2024092106;    9;   15.5;  97.0;eor
        183;2024092112;    9;   18.7;  83.0;eor
        183;2024092118;    9;   16.5;  97.0;eor
        183;2024092206;    9;   15.8;  96.0;eor
        183;2024092212;    9;   18.4;  79.0;eor
        183;2024092218;    9;   16.5;  92.0;eor
        183;2024092306;    9;   15.7;  82.0;eor
        183;2024092312;    9;   20.4;  72.0;eor
        183;2024092318;    9;   16.7;  92.0;eor
        183;2024092406;    9;   17.7;  73.0;eor
        183;2024092412;    9;   18.8;  81.0;eor
        183;2024092418;    9;   13.4;  93.0;eor
        183;2024092506;    9;   13.9;  92.0;eor
        183;2024092512;    9;   16.4;  72.0;eor
        183;2024092518;    9;   13.3;  96.0;eor
        183;2024092606;    9;   14.6;  93.0;eor
        183;2024092612;    9;   14.9;  94.0;eor
        183;2024092618;    9;   15.7;  89.0;eor
        183;2024092706;    9;   13.4;  89.0;eor
        183;2024092712;    9;   16.0;  66.0;eor
        183;2024092718;    9;   14.4;  72.0;eor
        183;2024092806;    9;   12.5;  73.0;eor
        183;2024092812;    9;   12.5;  59.0;eor
        183;2024092818;    9;   11.6;  64.0;eor
        183;2024092906;    9;   10.6;  69.0;eor
        183;2024092912;    9;   12.5;  61.0;eor
        183;2024092918;    9;   11.7;  67.0;eor
        183;2024093006;    9;   10.9;  76.0;eor
        183;2024093012;    9;   13.4;  63.0;eor
        183;2024093018;    9;   13.1;  66.0;eor
        183;2024100106;    9;   12.4;  75.0;eor
        183;2024100112;    9;   12.3;  63.0;eor
        183;2024100118;    9;   12.4;  63.0;eor
        183;2024100206;    9;   11.8;  75.0;eor
        183;2024100212;    9;   11.6;  79.0;eor
        183;2024100218;    9;   11.7;  78.0;eor
        183;2024100306;    9;   11.0;  86.0;eor
        183;2024100312;    9;   11.9;  80.0;eor
        183;2024100318;    9;   12.4;  73.0;eor
        183;2024100406;    9;   11.0;  84.0;eor
        183;2024100412;    9;   12.8;  71.0;eor
        183;2024100418;    9;   10.8;  80.0;eor
        183;2024100506;    9;    9.9;  85.0;eor
        183;2024100512;    9;   13.4;  62.0;eor
        183;2024100518;    9;   10.3;  82.0;eor
        183;2024100606;    9;   10.6;  81.0;eor
        183;2024100612;    9;   12.1;  62.0;eor
        183;2024100618;    9;   11.8;  68.0;eor
        183;2024100706;    9;   11.1;  75.0;eor
        183;2024100712;    9;   12.6;  75.0;eor
        183;2024100718;    9;   12.6;  89.0;eor
        183;2024100806;    9;   13.4;  95.0;eor
        183;2024100812;    9;   14.1;  94.0;eor
        183;2024100818;    9;   14.6;  97.0;eor
        183;2024100906;    9;   13.4;  99.0;eor
        183;2024100912;    9;   15.0;  90.0;eor
        183;2024100918;    9;   14.1;  93.0;eor
        183;2024101006;    9;   13.8;  96.0;eor
        183;2024101012;    9;   13.5;  90.0;eor
        183;2024101018;    9;   11.3;  66.0;eor
        183;2024101106;    9;    9.5;  71.0;eor
        183;2024101112;    9;   10.7;  64.0;eor
        183;2024101118;    9;   10.0;  78.0;eor
        183;2024101206;    9;    6.1;  91.0;eor
        183;2024101212;    9;   12.3;  64.0;eor
        183;2024101218;    9;   11.7;  66.0;eor
        183;2024101306;    9;    9.2;  94.0;eor
        183;2024101312;    9;    9.7;  91.0;eor
        183;2024101318;    9;   11.8;  78.0;eor
        183;2024101406;    9;   10.9;  83.0;eor
        183;2024101412;    9;   11.2;  82.0;eor
        183;2024101418;    9;   10.7;  71.0;eor
        183;2024101506;    9;    9.0;  68.0;eor
        183;2024101512;    9;   11.4;  75.0;eor
        183;2024101518;    9;    9.4;  76.0;eor
        183;2024101606;    9;    9.6;  77.0;eor
        183;2024101612;    9;   11.1;  71.0;eor
        183;2024101618;    9;   11.8;  69.0;eor
        183;2024101706;    9;   10.2;  78.0;eor
        183;2024101712;    9;   11.6;  72.0;eor
        183;2024101718;    9;   12.8;  76.0;eor
        183;2024101806;    9;   10.3;  86.0;eor
        183;2024101812;    9;   13.6;  77.0;eor
        183;2024101818;    9;   12.7;  84.0;eor
        183;2024101906;    9;   11.4;  81.0;eor
        183;2024101912;    9;   13.4;  79.0;eor
        183;2024101918;    9;   14.0;  86.0;eor
        183;2024102006;    9;   12.7;  97.0;eor
        183;2024102012;    9;   15.2;  82.0;eor
        183;2024102018;    9;   13.9;  77.0;eor
        183;2024102106;    9;   14.0;  94.0;eor
        183;2024102112;    9;   14.8;  80.0;eor
        183;2024102118;    9;   13.6;  83.0;eor
        183;2024102206;    9;   12.0;  98.0;eor
        183;2024102212;    9;   11.9;  84.0;eor
        183;2024102218;    9;   11.3;  92.0;eor
        183;2024102306;    9;   10.9;  91.0;eor
        183;2024102312;    9;   12.2;  84.0;eor
        183;2024102318;    9;    8.9;  93.0;eor
        183;2024102406;    9;    6.3;  99.0;eor
        183;2024102412;    9;   12.2;  85.0;eor
        183;2024102418;    9;   10.8;  95.0;eor
        183;2024102506;    9;    9.4;  90.0;eor
        183;2024102512;    9;   12.4;  83.0;eor
        183;2024102518;    9;   11.3;  96.0;eor
        183;2024102606;    9;    9.9;  99.0;eor
        183;2024102612;    9;   12.7;  92.0;eor
        183;2024102618;    9;   10.9;  99.0;eor
        183;2024102706;    9;   11.7;  90.0;eor
        183;2024102712;    9;   12.2;  95.0;eor
        183;2024102718;    9;   12.3;  89.0;eor
        183;2024102806;    9;    8.2;  96.0;eor
        183;2024102812;    9;   11.7;  90.0;eor
        183;2024102818;    9;   11.0;  98.0;eor
        183;2024102906;    9;   12.4; 100.0;eor
        183;2024102912;    9;   12.8;  98.0;eor
        183;2024102918;    9;   12.6;  99.0;eor
        183;2024103006;    9;   12.5;  93.0;eor
        183;2024103012;    9;   11.9;  82.0;eor
        183;2024103018;    9;   11.3;  76.0;eor
        183;2024103106;    9;   10.7;  85.0;eor
        183;2024103112;    9;   11.7;  91.0;eor
        183;2024103118;    9;   12.1;  92.0;eor
        183;2024110106;    9;   12.4;  88.0;eor
        183;2024110112;    9;   13.0;  89.0;eor
        183;2024110118;    9;   12.6;  93.0;eor
        183;2024110206;    9;    6.3;  52.0;eor
        183;2024110212;    9;    8.5;  43.0;eor
        183;2024110218;    9;    4.0;  69.0;eor
        183;2024110306;    9;    8.0;  71.0;eor
        183;2024110312;    9;    9.3;  81.0;eor
        183;2024110318;    9;   11.5;  82.0;eor
        183;2024110406;    9;   10.8;  98.0;eor
        183;2024110412;    9;   11.7;  88.0;eor
        183;2024110418;    9;   10.6;  97.0;eor
        183;2024110506;    9;    9.4;  80.0;eor
        183;2024110512;    9;    8.8;  80.0;eor
        183;2024110518;    9;    8.1;  85.0;eor
        183;2024110606;    9;    6.9;  87.0;eor
        183;2024110612;    9;    7.5;  86.0;eor
        183;2024110618;    9;    7.5;  84.0;eor
        183;2024110706;    9;    7.4;  89.0;eor
        183;2024110712;    9;    8.5;  89.0;eor
        183;2024110718;    9;    9.6;  85.0;eor
        183;2024110806;    9;    9.3;  91.0;eor
        183;2024110812;    9;    8.3;  80.0;eor
        183;2024110818;    9;    6.8;  80.0;eor
        183;2024110906;    9;    5.3;  88.0;eor
        183;2024110912;    9;    5.6;  88.0;eor
        183;2024110918;    9;    5.1;  89.0;eor
        183;2024111006;    9;    4.2;  89.0;eor
        183;2024111012;    9;    2.1;  96.0;eor
        183;2024111018;    9;    2.6;  97.0;eor
        183;2024111106;    9;    4.3;  95.0;eor
        183;2024111112;    9;    6.3;  90.0;eor
        183;2024111118;    9;    6.1;  92.0;eor
        183;2024111206;    9;    6.0;  95.0;eor
        183;2024111212;    9;    7.6;  91.0;eor
        183;2024111218;    9;    7.0;  85.0;eor
        183;2024111306;    9;    6.0;  90.0;eor
        183;2024111312;    9;    7.4;  87.0;eor
        183;2024111318;    9;    6.3;  96.0;eor
        183;2024111406;    9;    9.0;  79.0;eor
        183;2024111412;    9;    9.6;  82.0;eor
        183;2024111418;    9;    8.3;  77.0;eor
        183;2024111506;    9;    7.8;  89.0;eor
        183;2024111512;    9;    9.3;  91.0;eor
        183;2024111518;    9;   10.4;  96.0;eor
        183;2024111606;    9;    8.6;  79.0;eor
        183;2024111612;    9;    8.5;  79.0;eor
        183;2024111618;    9;    7.3;  95.0;eor
        183;2024111706;    9;    8.0;  73.0;eor
        183;2024111712;    9;    6.8;  80.0;eor
        183;2024111718;    9;    7.0;  76.0;eor
        183;2024111806;    9;    4.5;  87.0;eor
        183;2024111812;    9;    6.3;  80.0;eor
        183;2024111818;    9;    5.9;  73.0;eor
        183;2024111906;    9;    2.1;  95.0;eor
        183;2024111912;    9;    3.4;  85.0;eor
        183;2024111918;    9;    3.8;  88.0;eor
        183;2024112006;    9;    3.5;  73.0;eor
        183;2024112012;    9;    4.2;  63.0;eor
        183;2024112018;    9;    2.3;  81.0;eor
        183;2024112106;    9;    3.3;  65.0;eor
        183;2024112112;    9;    0.8;  95.0;eor
        183;2024112118;    9;    1.1;  90.0;eor
        183;2024112206;    9;    0.6;  82.0;eor
        183;2024112212;    9;    2.0;  74.0;eor
        183;2024112218;    9;    1.9;  91.0;eor
        183;2024112306;    9;    4.2;  69.0;eor
        183;2024112312;    9;    5.3;  77.0;eor
        183;2024112318;    9;    2.7;  88.0;eor
        183;2024112406;    9;    3.4;  95.0;eor
        183;2024112412;    9;    7.5;  97.0;eor
        183;2024112418;    9;   10.5;  79.0;eor
        183;2024112506;    9;   11.2;  70.0;eor
        183;2024112512;    9;   12.8;  65.0;eor
        183;2024112518;    9;   12.7;  65.0;eor
        183;2024112606;    9;    7.8;  89.0;eor
        183;2024112612;    9;    9.0;  75.0;eor
        183;2024112618;    9;    7.1;  85.0;eor
        183;2024112706;    9;    4.6;  95.0;eor
        183;2024112712;    9;    5.3;  92.0;eor
        183;2024112718;    9;    5.7;  86.0;eor
        183;2024112806;    9;    6.8;  89.0;eor
        183;2024112812;    9;    7.5;  89.0;eor
        183;2024112818;    9;    6.6;  84.0;eor
        183;2024112906;    9;    4.3;  83.0;eor
        183;2024112912;    9;    4.8;  81.0;eor
        183;2024112918;    9;    4.9;  81.0;eor
        183;2024113006;    9;    2.8;  87.0;eor
        183;2024113012;    9;    4.8;  73.0;eor
        183;2024113018;    9;    2.8;  82.0;eor
        183;2024120106;    9;    0.9;  91.0;eor
        183;2024120112;    9;    4.2;  76.0;eor
        183;2024120118;    9;    3.1;  82.0;eor
        183;2024120206;    9;    2.1;  86.0;eor
        183;2024120212;    9;    4.8;  93.0;eor
        183;2024120218;    9;    5.7;  97.0;eor
        183;2024120306;    9;    6.8;  98.0;eor
        183;2024120312;    9;    7.3;  91.0;eor
        183;2024120318;    9;    6.3;  90.0;eor
        183;2024120406;    9;    5.2;  91.0;eor
        183;2024120412;    9;    4.7;  91.0;eor
        183;2024120418;    9;    5.4;  93.0;eor
        183;2024120506;    9;    3.3;  97.0;eor
        183;2024120512;    9;    4.4;  93.0;eor
        183;2024120518;    9;    3.4;  87.0;eor
        183;2024120606;    9;    3.1;  90.0;eor
        183;2024120612;    9;    3.2;  91.0;eor
        183;2024120618;    9;    4.1;  85.0;eor
        183;2024120706;    9;    3.5;  97.0;eor
        183;2024120712;    9;    5.0;  93.0;eor
        183;2024120718;    9;    6.0;  84.0;eor
        183;2024120806;    9;    5.7;  83.0;eor
        183;2024120812;    9;    5.9;  83.0;eor
        183;2024120818;    9;    6.2;  86.0;eor
        183;2024120906;    9;    6.3;  83.0;eor
        183;2024120912;    9;    6.0;  78.0;eor
        183;2024120918;    9;    5.6;  80.0;eor
        183;2024121006;    9;    5.1;  79.0;eor
        183;2024121012;    9;    5.3;  79.0;eor
        183;2024121018;    9;    4.6;  81.0;eor
        183;2024121106;    9;    1.8;  90.0;eor
        183;2024121112;    9;    2.0;  85.0;eor
        183;2024121118;    9;    2.6;  86.0;eor
        183;2024121206;    9;    5.4;  80.0;eor
        183;2024121212;    9;    5.8;  79.0;eor
        183;2024121218;    9;    2.5;  86.0;eor
        183;2024121306;    9;    2.5;  88.0;eor
        183;2024121312;    9;    2.9;  82.0;eor
        183;2024121318;    9;    1.8;  81.0;eor
        183;2024121406;    9;   -0.2;  89.0;eor
        183;2024121412;    9;    0.1;  96.0;eor
        183;2024121418;    9;    5.6;  90.0;eor
        183;2024121506;    9;    5.0;  82.0;eor
        183;2024121512;    9;    6.2;  84.0;eor
        183;2024121518;    9;    7.6;  97.0;eor
        183;2024121606;    9;    8.6;  96.0;eor
        183;2024121612;    9;    8.1;  97.0;eor
        183;2024121618;    9;    7.9;  97.0;eor
        183;2024121706;    9;    8.3;  92.0;eor
        183;2024121712;    9;    7.8;  97.0;eor
        183;2024121718;    9;    7.9;  97.0;eor
        183;2024121806;    9;    6.2;  91.0;eor
        183;2024121812;    9;    6.2;  94.0;eor
        183;2024121818;    9;    9.1;  92.0;eor
        183;2024121906;    9;    9.6;  90.0;eor
        183;2024121912;    9;   11.1;  86.0;eor
        183;2024121918;    9;    6.2;  89.0;eor
        183;2024122006;    9;    6.1;  71.0;eor
        183;2024122012;    9;    5.9;  66.0;eor
        183;2024122018;    9;    5.4;  80.0;eor
        183;2024122106;    9;    3.8;  92.0;eor
        183;2024122112;    9;    6.1;  91.0;eor
        183;2024122118;    9;    6.1;  88.0;eor
        183;2024122206;    9;    5.1;  95.0;eor
        183;2024122212;    9;    5.8;  85.0;eor
        183;2024122218;    9;    4.3;  89.0;eor
        183;2024122306;    9;    3.1;  92.0;eor
        183;2024122312;    9;    4.3;  97.0;eor
        183;2024122318;    9;    4.9;  94.0;eor
        183;2024122406;    9;    5.3;  83.0;eor
        183;2024122412;    9;    5.6;  80.0;eor
        183;2024122418;    9;    2.9;  96.0;eor
        183;2024122506;    9;    4.2;  94.0;eor
        183;2024122512;    9;    5.8;  98.0;eor
        183;2024122518;    9;    6.3;  99.0;eor
        183;2024122606;    9;    7.1;  98.0;eor
        183;2024122612;    9;    6.8;  96.0;eor
        183;2024122618;    9;    6.3;  94.0;eor
        183;2024122706;    9;    5.3;  98.0;eor
        183;2024122712;    9;    5.0;  98.0;eor
        183;2024122718;    9;    4.6;  99.0;eor
        183;2024122806;    9;    4.5;  99.0;eor
        183;2024122812;    9;    3.7;  98.0;eor
        183;2024122818;    9;    1.4;  97.0;eor
        183;2024122906;    9;    3.0; 100.0;eor
        183;2024122912;    9;    4.2;  97.0;eor
        183;2024122918;    9;    4.1;  96.0;eor
        183;2024123006;    9;    6.0;  94.0;eor
        183;2024123012;    9;    6.3;  94.0;eor
        183;2024123018;    9;    5.9;  90.0;eor
        183;2024123106;    9;    6.6;  97.0;eor
        183;2024123112;    9;    6.4;  83.0;eor
        183;2024123118;    9;    3.8;  89.0;eor
        183;2025010106;    9;    5.6;  95.0;eor
        183;2025010112;    9;    7.2;  86.0;eor
        183;2025010118;    9;    7.6;  88.0;eor
        183;2025010206;    9;    2.5;  78.0;eor
        183;2025010212;    9;    2.5;  62.0;eor
        183;2025010218;    9;    2.4;  63.0;eor
        183;2025010306;    9;    2.2;  74.0;eor
        183;2025010312;    9;    1.6;  55.0;eor
        183;2025010318;    9;    1.6;  63.0;eor
        183;2025010406;    9;   -2.7;  72.0;eor
        183;2025010412;    9;    0.1;  90.0;eor
        183;2025010418;    9;   -0.3;  97.0;eor
        183;2025010506;    9;   -0.5;  93.0;eor
        183;2025010512;    9;    0.8;  83.0;eor
        183;2025010518;    9;    1.9;  74.0;eor
        183;2025010606;    9;    2.3;  98.0;eor
        183;2025010612;    9;    6.9;  97.0;eor
        183;2025010618;    9;    6.9;  90.0;eor
        183;2025010706;    9;    4.3;  74.0;eor
        183;2025010712;    9;    5.3;  73.0;eor
        183;2025010718;    9;    2.8;  85.0;eor
        183;2025010806;    9;    1.6;  86.0;eor
        183;2025010812;    9;    3.7;  74.0;eor
        183;2025010818;    9;    4.1;  76.0;eor
        183;2025010906;    9;    0.8;  88.0;eor
        183;2025010912;    9;    2.0;  81.0;eor
        183;2025010918;    9;    1.0;  96.0;eor
        183;2025011006;    9;    3.3;  87.0;eor
        183;2025011012;    9;    3.1;  62.0;eor
        183;2025011018;    9;    1.6;  91.0;eor
        183;2025011106;    9;    1.9;  71.0;eor
        183;2025011112;    9;    0.5;  84.0;eor
        183;2025011118;    9;    1.3;  70.0;eor
        183;2025011206;    9;   -0.4;  80.0;eor
        183;2025011212;    9;    0.2;  73.0;eor
        183;2025011218;    9;   -0.2;  80.0;eor
        183;2025011306;    9;   -2.6;  96.0;eor
        183;2025011312;    9;    0.5;  88.0;eor
        183;2025011318;    9;   -0.5;  89.0;eor
        183;2025011406;    9;    0.9;  94.0;eor
        183;2025011412;    9;    1.8;  95.0;eor
        183;2025011418;    9;    4.6;  98.0;eor
        183;2025011506;    9;    4.8;  96.0;eor
        183;2025011512;    9;    3.3; 100.0;eor
        183;2025011518;    9;    3.0; 100.0;eor
        183;2025011606;    9;    2.6;  99.0;eor
        183;2025011612;    9;    3.8;  99.0;eor
        183;2025011618;    9;    4.0;  97.0;eor
        183;2025011706;    9;    2.6; 100.0;eor
        183;2025011712;    9;    2.0; 100.0;eor
        183;2025011718;    9;    1.5;  99.0;eor
        183;2025011806;    9;    2.4;  99.0;eor
        183;2025011812;    9;    3.2;  99.0;eor
        183;2025011818;    9;    2.2;  99.0;eor
        183;2025011906;    9;   -1.9;  98.0;eor
        183;2025011912;    9;   -1.5;  98.0;eor
        183;2025011918;    9;    1.7;  99.0;eor
        183;2025012006;    9;    3.0;  90.0;eor
        183;2025012012;    9;    4.1;  82.0;eor
        183;2025012018;    9;    1.1;  94.0;eor
        183;2025012106;    9;   -0.4;  97.0;eor
        183;2025012112;    9;    1.1;  91.0;eor
        183;2025012118;    9;    1.0;  91.0;eor
        183;2025012206;    9;   -1.2;  98.0;eor
        183;2025012212;    9;   -0.4;  99.0;eor
        183;2025012218;    9;    2.8;  78.0;eor
        183;2025012306;    9;    1.6;  84.0;eor
        183;2025012312;    9;    1.7;  97.0;eor
        183;2025012318;    9;    4.7;  89.0;eor
        183;2025012406;    9;    2.2;  85.0;eor
        183;2025012412;    9;    4.9;  83.0;eor
        183;2025012418;    9;    5.4;  88.0;eor
        183;2025012506;    9;    5.0;  97.0;eor
        183;2025012512;    9;    6.9;  98.0;eor
        183;2025012518;    9;    3.8;  95.0;eor
        183;2025012606;    9;    3.7;  95.0;eor
        183;2025012612;    9;    2.9;  94.0;eor
        183;2025012618;    9;    2.5;  97.0;eor
        183;2025012706;    9;    3.5;  89.0;eor
        183;2025012712;    9;    5.8;  95.0;eor
        183;2025012718;    9;    7.6;  90.0;eor
        183;2025012806;    9;    5.3;  95.0;eor
        183;2025012812;    9;    6.9;  87.0;eor
        183;2025012818;    9;    5.5;  93.0;eor
        183;2025012906;    9;    2.7; 100.0;eor
        183;2025012912;    9;    5.2;  93.0;eor
        183;2025012918;    9;    5.3;  98.0;eor
        183;2025013006;    9;    4.3;  92.0;eor
        183;2025013012;    9;    5.4;  89.0;eor
        183;2025013018;    9;    5.1;  91.0;eor
        183;2025013106;    9;    3.3;  91.0;eor
        183;2025013112;    9;    3.1;  89.0;eor
        183;2025013118;    9;    3.0;  82.0;eor
        183;2025020106;    9;    3.7;  94.0;eor
        183;2025020112;    9;    4.0;  88.0;eor
        183;2025020118;    9;    3.5;  95.0;eor
        183;2025020206;    9;    0.7;  87.0;eor
        183;2025020212;    9;    2.4;  91.0;eor
        183;2025020218;    9;    3.2;  91.0;eor
        183;2025020306;    9;    2.2;  85.0;eor
        183;2025020312;    9;    4.5;  68.0;eor
        183;2025020318;    9;    1.7;  83.0;eor
        183;2025020406;    9;   -2.0;  94.0;eor
        183;2025020412;    9;    0.4;  96.0;eor
        183;2025020418;    9;    0.6;  94.0;eor
        183;2025020506;    9;    2.3;  87.0;eor
        183;2025020512;    9;    4.5;  92.0;eor
        183;2025020518;    9;    2.9;  97.0;eor
        183;2025020606;    9;    3.5;  99.0;eor
        183;2025020612;    9;    3.6;  88.0;eor
        183;2025020618;    9;    3.0;  92.0;eor
        183;2025020706;    9;    3.0;  89.0;eor
        183;2025020712;    9;    4.0;  84.0;eor
        183;2025020718;    9;    3.6;  92.0;eor
        183;2025020806;    9;    0.8;  77.0;eor
        183;2025020812;    9;    1.1;  76.0;eor
        183;2025020818;    9;    2.0;  74.0;eor
        183;2025020906;    9;    1.8;  83.0;eor
        183;2025020912;    9;    2.8;  80.0;eor
        183;2025020918;    9;    2.7;  84.0;eor
        183;2025021006;    9;    2.2;  77.0;eor
        183;2025021012;    9;    1.9;  83.0;eor
        183;2025021018;    9;    1.9;  82.0;eor
        183;2025021106;    9;    0.9;  82.0;eor
        183;2025021112;    9;    1.8;  75.0;eor
        183;2025021118;    9;    1.3;  81.0;eor
        183;2025021206;    9;   -2.3;  85.0;eor
        183;2025021212;    9;   -2.2;  84.0;eor
        183;2025021218;    9;   -0.7;  84.0;eor
        183;2025021306;    9;    0.6;  85.0;eor
        183;2025021312;    9;    2.2;  84.0;eor
        183;2025021318;    9;    1.3;  84.0;eor
        183;2025021406;    9;    0.6;  74.0;eor
        183;2025021412;    9;    1.2;  72.0;eor
        183;2025021418;    9;   -0.4;  63.0;eor
        183;2025021506;    9;   -0.3;  57.0;eor
        183;2025021512;    9;    0.6;  55.0;eor
        183;2025021518;    9;   -1.0;  94.0;eor
        183;2025021606;    9;   -1.9;  69.0;eor
        183;2025021612;    9;   -0.9;  63.0;eor
        183;2025021618;    9;   -3.3;  63.0;eor
        183;2025021706;    9;   -2.8;  64.0;eor
        183;2025021712;    9;   -1.2;  61.0;eor
        183;2025021718;    9;   -0.9;  71.0;eor
        183;2025021806;    9;    0.0;  82.0;eor
        183;2025021812;    9;    2.3;  72.0;eor
        183;2025021818;    9;    0.8;  76.0;eor
        183;2025021906;    9;    0.7;  76.0;eor
        183;2025021912;    9;    2.8;  65.0;eor
        183;2025021918;    9;   -0.4;  91.0;eor
        183;2025022006;    9;   -1.3;  76.0;eor
        183;2025022012;    9;    1.7;  54.0;eor
        183;2025022018;    9;    1.4;  65.0;eor
        183;2025022106;    9;    1.1;  74.0;eor
        183;2025022112;    9;    2.6;  98.0;eor
        183;2025022118;    9;    4.5;  84.0;eor
        183;2025022206;    9;    2.6;  85.0;eor
        183;2025022212;    9;    6.3;  68.0;eor
        183;2025022218;    9;    6.2;  64.0;eor
        183;2025022306;    9;    4.4;  87.0;eor
        183;2025022312;    9;    4.8; 100.0;eor
        183;2025022318;    9;    4.5; 100.0;eor
        183;2025022406;    9;    3.0;  96.0;eor
        183;2025022412;    9;    7.6;  76.0;eor
        183;2025022418;    9;    9.9;  70.0;eor
        183;2025022506;    9;    5.7; 100.0;eor
        183;2025022512;    9;    7.8;  99.0;eor
        183;2025022518;    9;    6.7;  95.0;eor
        183;2025022606;    9;    3.6; 100.0;eor
        183;2025022612;    9;    3.3; 100.0;eor
        183;2025022618;    9;    5.5; 100.0;eor
        183;2025022706;    9;    3.4; 100.0;eor
        183;2025022712;    9;    3.6; 100.0;eor
        183;2025022718;    9;    3.3; 100.0;eor
        183;2025022806;    9;    3.4; 100.0;eor
        183;2025022812;    9;    3.7;  98.0;eor
        183;2025022818;    9;    2.7;  94.0;eor
        183;2025030106;    9;    0.8;  98.0;eor
        183;2025030112;    9;    1.7;  89.0;eor
        183;2025030118;    9;    1.9;  99.0;eor
        183;2025030206;    9;    2.9;  95.0;eor
        183;2025030212;    9;    5.0;  90.0;eor
        183;2025030218;    9;    4.0;  95.0;eor
        183;2025030306;    9;    3.5;  90.0;eor
        183;2025030312;    9;    6.0;  77.0;eor
        183;2025030318;    9;    5.1;  85.0;eor
        183;2025030406;    9;    4.1;  94.0;eor
        183;2025030412;    9;    4.7;  95.0;eor
        183;2025030418;    9;    6.8;  85.0;eor
        183;2025030506;    9;    4.9;  78.0;eor
        183;2025030512;    9;    9.3;  56.0;eor
        183;2025030518;    9;    8.7;  55.0;eor
        183;2025030606;    9;    5.6;  69.0;eor
        183;2025030612;    9;   11.9;  54.0;eor
        183;2025030618;    9;    6.8;  73.0;eor
        183;2025030706;    9;    4.2;  78.0;eor
        183;2025030712;    9;   12.1;  55.0;eor
        183;2025030718;    9;   10.9;  52.0;eor
        183;2025030806;    9;    9.7;  51.0;eor
        183;2025030812;    9;    9.7;  52.0;eor
        183;2025030818;    9;    6.6;  70.0;eor
        183;2025030906;    9;    4.0;  93.0;eor
        183;2025030912;    9;    6.1;  78.0;eor
        183;2025030918;    9;    5.0;  86.0;eor
        183;2025031006;    9;    3.3;  97.0;eor
        183;2025031012;    9;    3.8;  94.0;eor
        183;2025031018;    9;    2.7; 100.0;eor
        183;2025031106;    9;    3.2;  98.0;eor
        183;2025031112;    9;    3.5;  91.0;eor
        183;2025031118;    9;    2.8;  96.0;eor
        183;2025031206;    9;    3.5;  99.0;eor
        183;2025031212;    9;    4.5;  84.0;eor
        183;2025031218;    9;    2.2;  86.0;eor
        183;2025031306;    9;    2.4;  92.0;eor
        183;2025031312;    9;    3.7;  91.0;eor
        183;2025031318;    9;    3.4;  90.0;eor
        183;2025031406;    9;    2.4;  88.0;eor
        183;2025031412;    9;    4.3;  81.0;eor
        183;2025031418;    9;    2.5;  90.0;eor
        183;2025031506;    9;    2.6;  87.0;eor
        183;2025031512;    9;    4.7;  75.0;eor
        183;2025031518;    9;    1.9;  90.0;eor
        183;2025031606;    9;    2.9;  90.0;eor
        183;2025031612;    9;    4.7;  90.0;eor
        183;2025031618;    9;    3.9;  90.0;eor
        183;2025031706;    9;    1.5;  54.0;eor
        183;2025031712;    9;    3.8;  43.0;eor
        183;2025031718;    9;   -0.1;  71.0;eor
        183;2025031806;    9;    2.2;  73.0;eor
        183;2025031812;    9;    4.4;  79.0;eor
        183;2025031818;    9;    4.1;  77.0;eor
        183;2025031906;    9;    0.4;  98.0;eor
        183;2025031912;    9;    5.5;  72.0;eor
        183;2025031918;    9;    4.3;  46.0;eor
        183;2025032006;    9;    1.8;  69.0;eor
        183;2025032012;    9;   13.2;  31.0;eor
        183;2025032018;    9;   10.0;  55.0;eor
        183;2025032106;    9;    4.9;  82.0;eor
        183;2025032112;    9;    6.4;  76.0;eor
        183;2025032118;    9;    4.2;  87.0;eor
        183;2025032206;    9;    3.7;  91.0;eor
        183;2025032212;    9;    5.5;  81.0;eor
        183;2025032218;    9;    4.7;  88.0;eor
        183;2025032306;    9;    5.1;  79.0;eor
        183;2025032312;    9;    6.0;  78.0;eor
        183;2025032318;    9;    4.7;  90.0;eor
        183;2025032406;    9;    4.9;  90.0;eor
        183;2025032412;    9;    5.9;  83.0;eor
        183;2025032418;    9;    5.0;  83.0;eor
        183;2025032506;    9;    4.3;  91.0;eor
        183;2025032512;    9;    5.4;  88.0;eor
        183;2025032518;    9;    7.1;  86.0;eor
        183;2025032606;    9;    6.2;  91.0;eor
        183;2025032612;    9;    8.6;  78.0;eor
        183;2025032618;    9;    6.6;  73.0;eor
        183;2025032706;    9;    4.2;  93.0;eor
        183;2025032712;    9;    7.8;  78.0;eor
        183;2025032718;    9;    7.6;  77.0;eor
        183;2025032806;    9;    4.1;  92.0;eor
        183;2025032812;    9;   11.2;  65.0;eor
        183;2025032818;    9;    8.8;  72.0;eor
        183;2025032906;    9;    6.2;  83.0;eor
        183;2025032912;    9;    7.6;  85.0;eor
        183;2025032918;    9;    7.4;  67.0;eor
        183;2025033006;    9;    4.7;  84.0;eor
        183;2025033012;    9;    8.4;  82.0;eor
        183;2025033018;    9;    5.9;  95.0;eor
        183;2025033106;    9;    4.8;  94.0;eor
        183;2025033112;    9;    6.6;  86.0;eor
        183;2025033118;    9;    6.1;  80.0;eor
        183;2025040106;    9;    5.3;  85.0;eor
        183;2025040112;    9;    7.8;  74.0;eor
        183;2025040118;    9;    7.1;  65.0;eor
        183;2025040206;    9;    4.1;  98.0;eor
        183;2025040212;    9;    7.8;  72.0;eor
        183;2025040218;    9;    6.4;  78.0;eor
        183;2025040306;    9;    7.5;  68.0;eor
        183;2025040312;    9;   10.2;  53.0;eor
        183;2025040318;    9;   10.7;  56.0;eor
        183;2025040406;    9;    7.2;  81.0;eor
        183;2025040412;    9;   12.8;  55.0;eor
        183;2025040418;    9;    5.5;  89.0;eor
        183;2025040506;    9;    5.5;  67.0;eor
        183;2025040512;    9;    6.4;  62.0;eor
        183;2025040518;    9;    4.0;  68.0;eor
        183;2025040606;    9;    4.1;  59.0;eor
        183;2025040612;    9;    6.1;  39.0;eor
        183;2025040618;    9;    5.9;  70.0;eor
        183;2025040706;    9;    5.4;  82.0;eor
        183;2025040712;    9;    7.4;  76.0;eor
        183;2025040718;    9;    7.8;  74.0;eor
        183;2025040806;    9;    6.2;  78.0;eor
        183;2025040812;    9;    9.4;  64.0;eor
        183;2025040818;    9;    7.3;  62.0;eor
        183;2025040906;    9;    6.7;  81.0;eor
        183;2025040912;    9;    7.8;  77.0;eor
        183;2025040918;    9;    6.8;  86.0;eor
        183;2025041006;    9;    4.8;  89.0;eor
        183;2025041012;    9;    7.8;  63.0;eor
        183;2025041018;    9;    9.7;  76.0;eor
        183;2025041106;    9;    6.9;  89.0;eor
        183;2025041112;    9;    9.3;  82.0;eor
        183;2025041118;    9;   10.1;  82.0;eor
        183;2025041206;    9;    7.7;  88.0;eor
        183;2025041212;    9;    9.0;  86.0;eor
        183;2025041218;    9;    8.0;  90.0;eor
        183;2025041306;    9;    7.1;  93.0;eor
        183;2025041312;    9;   14.5;  64.0;eor
        183;2025041318;    9;   11.8;  92.0;eor
        183;2025041406;    9;    8.5;  92.0;eor
        183;2025041412;    9;   11.1;  79.0;eor
        183;2025041418;    9;   10.2;  76.0;eor
        183;2025041506;    9;    8.0;  96.0;eor
        183;2025041512;    9;    9.5;  83.0;eor
        183;2025041518;    9;    8.3;  89.0;eor
        183;2025041606;    9;   12.4;  88.0;eor
        183;2025041612;    9;   14.5;  76.0;eor
        183;2025041618;    9;   10.7;  93.0;eor
        183;2025041706;    9;    8.9;  94.0;eor
        183;2025041712;    9;   10.0;  85.0;eor
        183;2025041718;    9;    7.9;  96.0;eor
        183;2025041806;    9;    7.6;  99.0;eor
        183;2025041812;    9;    8.9;  95.0;eor
        183;2025041818;    9;    9.3;  80.0;eor
        183;2025041906;    9;    7.9;  94.0;eor
        183;2025041912;    9;   10.0;  79.0;eor
        183;2025041918;    9;    8.8;  86.0;eor
        183;2025042006;    9;    8.3;  86.0;eor
        183;2025042012;    9;   10.3;  78.0;eor
        183;2025042018;    9;    8.7;  77.0;eor
        183;2025042106;    9;    8.9;  86.0;eor
        183;2025042112;    9;    9.6;  83.0;eor
        183;2025042118;    9;    8.5;  83.0;eor
        183;2025042206;    9;    8.9;  94.0;eor
        183;2025042212;    9;   13.8;  76.0;eor
        183;2025042218;    9;   11.2;  92.0;eor
        183;2025042306;    9;    9.1;  92.0;eor
        183;2025042312;    9;   10.6;  85.0;eor
        183;2025042318;    9;    9.7;  82.0;eor
        183;2025042406;    9;    7.2; 100.0;eor
        183;2025042412;    9;    8.0;  94.0;eor
        183;2025042418;    9;    7.2;  95.0;eor
        183;2025042506;    9;    7.4;  75.0;eor
        183;2025042512;    9;    9.3;  74.0;eor
        183;2025042518;    9;    6.9;  79.0;eor
        183;2025042606;    9;    8.2;  66.0;eor
        183;2025042612;    9;   10.8;  58.0;eor
        183;2025042618;    9;    8.0;  72.0;eor
        183;2025042706;    9;    8.2;  64.0;eor
        183;2025042712;    9;   11.7;  64.0;eor
        183;2025042718;    9;    8.7;  76.0;eor
        183;2025042806;    9;   10.0;  66.0;eor
        183;2025042812;    9;   14.2;  46.0;eor
        183;2025042818;    9;   12.2;  58.0;eor
        183;2025042906;    9;    9.6;  93.0;eor
        183;2025042912;    9;   13.9;  72.0;eor
        183;2025042918;    9;   11.8;  77.0;eor
        183;2025043006;    9;   10.9;  89.0;eor
        183;2025043012;    9;   14.4;  79.0;eor
        183;2025043018;    9;   12.9;  85.0;eor
        183;2025050106;    9;   12.8;  71.0;eor
        183;2025050112;    9;   13.7;  76.0;eor
        183;2025050118;    9;   14.2;  68.0;eor
        183;2025050206;    9;   15.2;  68.0;eor
        183;2025050212;    9;   15.6;  74.0;eor
        183;2025050218;    9;   12.7;  76.0;eor
        183;2025050306;    9;    9.0;  85.0;eor
        183;2025050312;    9;   12.8;  67.0;eor
        183;2025050318;    9;   10.7;  70.0;eor
        183;2025050406;    9;    8.9;  76.0;eor
        183;2025050412;    9;   12.0;  67.0;eor
        183;2025050418;    9;    8.0;  74.0;eor
        183;2025050506;    9;    8.8;  61.0;eor
        183;2025050512;    9;   10.8;  44.0;eor
        183;2025050518;    9;    9.0;  56.0;eor
        183;2025050606;    9;    8.0;  92.0;eor
        183;2025050612;    9;   12.5;  71.0;eor
        183;2025050618;    9;   10.6;  79.0;eor
        183;2025050706;    9;   11.0;  61.0;eor
        183;2025050712;    9;   12.3;  62.0;eor
        183;2025050718;    9;    9.6;  70.0;eor
        183;2025050806;    9;   10.6;  75.0;eor
        183;2025050812;    9;   12.3;  70.0;eor
        183;2025050818;    9;    9.4;  72.0;eor
        183;2025050906;    9;   10.7;  76.0;eor
        183;2025050912;    9;   15.5;  53.0;eor
        183;2025050918;    9;   12.5;  75.0;eor
        183;2025051006;    9;   11.3;  90.0;eor
        183;2025051012;    9;    9.7;  82.0;eor
        183;2025051018;    9;    7.8;  81.0;eor
        183;2025051106;    9;    8.9;  64.0;eor
        183;2025051112;    9;   10.5;  60.0;eor
        183;2025051118;    9;    8.2;  62.0;eor
        183;2025051206;    9;    9.5;  63.0;eor
        183;2025051212;    9;   10.3;  56.0;eor
        183;2025051218;    9;    9.0;  68.0;eor
        183;2025051306;    9;   10.1;  73.0;eor
        183;2025051312;    9;   15.6;  60.0;eor
        183;2025051318;    9;   14.6;  62.0;eor
        183;2025051406;    9;   11.3;  88.0;eor
        183;2025051412;    9;   12.9;  82.0;eor
        183;2025051418;    9;   10.3;  90.0;eor
        183;2025051506;    9;    9.7;  56.0;eor
        183;2025051512;    9;   11.3;  71.0;eor
        183;2025051518;    9;   11.8;  70.0;eor
        183;2025051606;    9;   10.8;  79.0;eor
        183;2025051612;    9;   13.5;  60.0;eor
        183;2025051618;    9;   12.5;  70.0;eor
        183;2025051706;    9;   12.5;  66.0;eor
        183;2025051712;    9;   10.1;  78.0;eor
        183;2025051718;    9;   10.2;  81.0;eor
        183;2025051806;    9;    9.5;  82.0;eor
        183;2025051812;    9;    9.6;  89.0;eor
        183;2025051818;    9;   10.5;  97.0;eor
        183;2025051906;    9;   10.4;  75.0;eor
        183;2025051912;    9;   13.8;  68.0;eor
        183;2025051918;    9;   15.1;  64.0;eor
        183;2025052006;    9;   13.9;  71.0;eor
        183;2025052012;    9;   19.0;  47.0;eor
        183;2025052018;    9;   16.6;  50.0;eor
        183;2025052106;    9;   11.2;  78.0;eor
        183;2025052112;    9;   14.2;  68.0;eor
        183;2025052118;    9;   12.4;  69.0;eor
        183;2025052206;    9;    9.4;  59.0;eor
        183;2025052212;    9;   10.1;  73.0;eor
        183;2025052218;    9;    9.8;  72.0;eor
        183;2025052306;    9;    7.4;  79.0;eor
        183;2025052312;    9;   11.9;  57.0;eor
        183;2025052318;    9;   10.8;  60.0;eor
        183;2025052406;    9;    7.8;  96.0;eor
        183;2025052412;    9;   12.9;  61.0;eor
        183;2025052418;    9;   11.3;  82.0;eor
        183;2025052506;    9;   12.1;  76.0;eor
        183;2025052512;    9;   12.2;  97.0;eor
        183;2025052518;    9;   14.1;  95.0;eor
        183;2025052606;    9;   12.5;  89.0;eor
        183;2025052612;    9;   16.9;  49.0;eor
        183;2025052618;    9;   13.6;  76.0;eor
        183;2025052706;    9;   13.0;  81.0;eor
        183;2025052712;    9;   17.6;  58.0;eor
        183;2025052718;    9;   16.2;  72.0;eor
        183;2025052806;    9;   14.1;  97.0;eor
        183;2025052812;    9;   12.5;  94.0;eor
        183;2025052818;    9;   12.2;  83.0;eor
        183;2025052906;    9;   11.6;  87.0;eor
        183;2025052912;    9;   13.9;  64.0;eor
        183;2025052918;    9;   13.6;  67.0;eor
        183;2025053006;    9;   14.6;  98.0;eor
        183;2025053012;    9;   17.7;  84.0;eor
        183;2025053018;    9;   16.7;  77.0;eor
        183;2025053106;    9;   13.8;  87.0;eor
        183;2025053112;    9;   16.3;  75.0;eor
        183;2025053118;    9;   16.3;  81.0;eor
        183;2025060106;    3;   16.6;  73.0;eor
        183;2025060112;    3;   17.5;  85.0;eor
        183;2025060118;    3;   15.5;  92.0;eor
        183;2025060206;    3;   13.5;  84.0;eor
        183;2025060212;    3;   19.6;  53.0;eor
        183;2025060218;    3;   15.3;  75.0;eor
        183;2025060306;    3;   13.9;  79.0;eor
        183;2025060312;    3;   15.9;  75.0;eor
        183;2025060318;    3;   14.1;  89.0;eor
        183;2025060406;    3;   17.0;  71.0;eor
        183;2025060412;    3;   22.1;  62.0;eor
        183;2025060418;    3;   15.3;  90.0;eor
        183;2025060506;    3;   14.5;  82.0;eor
        183;2025060512;    3;   15.3;  81.0;eor
        183;2025060518;    3;   13.9;  89.0;eor
        183;2025060606;    3;   14.4;  87.0;eor
        183;2025060612;    3;   18.0;  68.0;eor
        183;2025060618;    3;   16.0;  72.0;eor
        183;2025060706;    3;   13.4;  86.0;eor
        183;2025060712;    3;   15.8;  77.0;eor
        183;2025060718;    3;   13.6;  94.0;eor
        183;2025060806;    3;   13.0;  93.0;eor
        183;2025060812;    3;   14.8;  91.0;eor
        183;2025060818;    3;   12.0;  89.0;eor
        183;2025060906;    3;   12.0;  70.0;eor
        183;2025060912;    3;   14.1;  60.0;eor
        183;2025060918;    3;   14.0;  68.0;eor
        183;2025061006;    3;   12.4;  90.0;eor
        183;2025061012;    3;   13.6;  90.0;eor
        183;2025061018;    3;   13.5;  95.0;eor
        183;2025061106;    3;   12.6;  84.0;eor
        183;2025061112;    3;   14.6;  69.0;eor
        183;2025061118;    3;   14.8;  76.0;eor
        183;2025061206;    3;   14.4;  80.0;eor
        183;2025061212;    3;   15.7;  66.0;eor
        183;2025061218;    3;   15.7;  65.0;eor
        183;2025061306;    3;   15.1;  61.0;eor
        183;2025061312;    3;   15.8;  65.0;eor
        183;2025061318;    3;   13.6;  77.0;eor
        183;2025061406;    3;   15.9;  83.0;eor
        183;2025061412;    3;   16.6;  82.0;eor
        183;2025061418;    3;   14.7;  79.0;eor
        183;2025061506;    3;   18.4;  62.0;eor
        183;2025061512;    3;   19.0;  75.0;eor
        183;2025061518;    3;   18.5;  79.0;eor
        183;2025061606;    3;   14.1;  92.0;eor
        183;2025061612;    3;   16.2;  75.0;eor
        183;2025061618;    3;   17.5;  77.0;eor
        183;2025061706;    3;   14.5;  90.0;eor
        183;2025061712;    3;   18.7;  73.0;eor
        183;2025061718;    3;   19.0;  72.0;eor
        183;2025061806;    3;   15.0;  91.0;eor
        183;2025061812;    3;   18.0;  69.0;eor
        183;2025061818;    3;   18.3;  73.0;eor
        183;2025061906;    3;   14.2;  69.0;eor
        183;2025061912;    3;   16.6;  67.0;eor
        183;2025061918;    3;   16.1;  73.0;eor
        183;2025062006;    3;   13.3;  82.0;eor
        183;2025062012;    3;   16.9;  67.0;eor
        183;2025062018;    3;   17.1;  71.0;eor
        183;2025062106;    3;   16.9;  81.0;eor
        183;2025062112;    3;   20.3;  59.0;eor
        183;2025062118;    3;   20.3;  55.0;eor
        183;2025062206;    3;   18.6;  70.0;eor
        183;2025062212;    3;   20.5;  76.0;eor
        183;2025062218;    3;   17.2;  77.0;eor
        183;2025062306;    3;   17.7;  88.0;eor
        183;2025062312;    3;   19.4;  75.0;eor
        183;2025062318;    3;   14.6;  70.0;eor
        183;2025062406;    3;   15.5;  74.0;eor
        183;2025062412;    3;   17.6;  70.0;eor
        183;2025062418;    3;   15.7;  84.0;eor
        183;2025062506;    3;   16.2;  87.0;eor
        183;2025062512;    3;   17.4;  75.0;eor
        183;2025062518;    3;   16.6;  79.0;eor
        183;2025062606;    3;   16.7;  80.0;eor
        183;2025062612;    3;   18.3;  77.0;eor
        183;2025062618;    3;   16.6;  90.0;eor
        183;2025062706;    3;   17.6;  92.0;eor
        183;2025062712;    3;   17.6;  74.0;eor
        183;2025062718;    3;   17.7;  70.0;eor
        183;2025062806;    3;   16.7;  86.0;eor
        183;2025062812;    3;   22.4;  69.0;eor
        183;2025062818;    3;   20.0;  83.0;eor
        183;2025062906;    3;   18.9;  90.0;eor
        183;2025062912;    3;   20.3;  61.0;eor
        183;2025062918;    3;   17.7;  73.0;eor
        183;2025063006;    3;   14.4;  80.0;eor
        183;2025063012;    3;   16.8;  69.0;eor
        183;2025063018;    3;   17.4;  79.0;eor
        183;2025070100;    3;   14.3;  94.0;eor
        183;2025070106;    3;   18.1;  77.0;eor
        183;2025070112;    3;   20.5;  68.0;eor
        183;2025070118;    3;   18.1;  79.0;eor
        183;2025070200;    3;   18.7;  52.0;eor
        183;2025070206;    3;   22.7;  54.0;eor
        183;2025070212;    3;   27.9;  44.0;eor
        183;2025070218;    3;   26.0;  46.0;eor
        183;2025070300;    3;   19.0;  88.0;eor
        183;2025070306;    3;   17.4;  92.0;eor
        183;2025070312;    3;   17.8;  62.0;eor
        183;2025070318;    3;   17.3;  70.0;eor
        183;2025070400;    3;   15.3;  72.0;eor
        183;2025070406;    3;   15.3;  76.0;eor
        183;2025070412;    3;   18.4;  58.0;eor
        183;2025070418;    3;   19.0;  58.0;eor
        183;2025070500;    3;   15.6;  94.0;eor
        183;2025070506;    3;   17.9;  63.0;eor
        183;2025070512;    3;   20.2;  60.0;eor
        183;2025070518;    3;   19.0;  71.0;eor
        183;2025070600;    3;   17.2;  83.0;eor
        183;2025070606;    3;   16.9;  80.0;eor
        183;2025070612;    3;   19.7;  76.0;eor
        183;2025070618;    3;   18.4;  86.0;eor
        183;2025070700;    3;   17.1;  80.0;eor
        183;2025070706;    3;   17.6;  79.0;eor
        183;2025070712;    3;   18.6;  72.0;eor
        183;2025070718;    3;   17.9;  73.0;eor
        183;2025070800;    3;   15.8;  87.0;eor
        183;2025070806;    3;   15.2;  81.0;eor
        183;2025070812;    3;   18.4;  63.0;eor
        183;2025070818;    3;   17.7;  75.0;eor
        183;2025070900;    3;   16.0;  88.0;eor
        183;2025070906;    3;   16.4;  79.0;eor
        183;2025070912;    3;   19.9;  63.0;eor
        183;2025070918;    3;   17.4;  83.0;eor
        183;2025071000;    3;   17.1;  92.0;eor
        183;2025071006;    3;   17.3;  77.0;eor
        183;2025071012;    3;   19.6;  71.0;eor
        183;2025071018;    3;   18.8;  73.0;eor
        183;2025071100;    3;   17.1;  87.0;eor
        183;2025071106;    3;   17.6;  88.0;eor
        183;2025071112;    3;   18.1;  80.0;eor
        183;2025071118;    3;   15.9;  81.0;eor
        183;2025071200;    3;   15.7;  90.0;eor
        183;2025071206;    3;   15.4;  98.0;eor
        183;2025071212;    3;   16.6; 100.0;eor
        183;2025071218;    3;   16.7;  91.0;eor
        183;2025071300;    3;   16.4;  98.0;eor
        183;2025071306;    3;   17.1;  94.0;eor
        183;2025071312;    3;   18.6;  85.0;eor
        183;2025071318;    3;   18.1;  90.0;eor
        183;2025071400;    3;   16.9;  98.0;eor
        183;2025071406;    3;   17.3;  98.0;eor
        183;2025071412;    3;   19.0;  87.0;eor
        183;2025071418;    3;   18.3;  85.0;eor
        183;2025071500;    3;   16.2;  98.0;eor
        183;2025071506;    3;   17.9;  86.0;eor
        183;2025071512;    3;   20.2;  75.0;eor
        183;2025071518;    3;   16.6;  93.0;eor
        183;2025071600;    3;   16.1;  92.0;eor
        183;2025071606;    3;   16.7;  76.0;eor
        183;2025071612;    3;   19.6;  60.0;eor
        183;2025071618;    3;   18.7;  77.0;eor
        183;2025071700;    3;   16.8;  92.0;eor
        183;2025071706;    3;   17.5;  98.0;eor
        183;2025071712;    3;   19.0;  89.0;eor
        183;2025071718;    3;   18.2;  86.0;eor
        183;2025071800;    3;   17.9;  93.0;eor
        183;2025071806;    3;   18.1;  84.0;eor
        183;2025071812;    3;   20.3;  76.0;eor
        183;2025071818;    3;   18.3;  86.0;eor
        183;2025071900;    3;   17.5;  98.0;eor
        183;2025071906;    3;   18.8;  86.0;eor
        183;2025071912;    3;   22.2;  76.0;eor
        183;2025071918;    3;   21.4;  84.0;eor
        183;2025072000;    3;   18.5; 100.0;eor
        183;2025072006;    3;   20.7;  85.0;eor
        183;2025072012;    3;   23.1;  74.0;eor
        183;2025072018;    3;   20.3;  90.0;eor
        183;2025072100;    3;   19.4;  91.0;eor
        183;2025072106;    3;   20.2;  84.0;eor
        183;2025072112;    3;   20.3;  89.0;eor
        183;2025072118;    3;   19.0;  89.0;eor
        183;2025072200;    3;   18.6; 100.0;eor
        183;2025072206;    3;   18.5; 100.0;eor
        183;2025072212;    3;   16.4;  99.0;eor
        183;2025072218;    3;   18.1;  86.0;eor
        183;2025072300;    3;   15.4;  94.0;eor
        183;2025072306;    3;   16.9;  93.0;eor
        183;2025072312;    3;   18.5;  87.0;eor
        183;2025072318;    3;   18.2;  92.0;eor
        183;2025072400;    3;   17.5;  98.0;eor
        183;2025072406;    3;   18.1;  93.0;eor
        183;2025072412;    3;   21.2;  76.0;eor
        183;2025072418;    3;   20.3;  81.0;eor
        183;2025072500;    3;   18.1;  99.0;eor
        183;2025072506;    3;   19.1;  97.0;eor
        183;2025072512;    3;   20.8;  88.0;eor
        183;2025072518;    3;   19.9;  89.0;eor
        183;2025072600;    3;   18.7;  88.0;eor
        183;2025072606;    3;   18.1;  78.0;eor
        183;2025072612;    3;   21.3;  65.0;eor
        183;2025072618;    3;   19.9;  65.0;eor
        183;2025072700;    3;   18.2;  85.0;eor
        183;2025072706;    3;   18.3;  95.0;eor
        183;2025072712;    3;   22.6;  73.0;eor
        183;2025072718;    3;   19.3;  72.0;eor
        183;2025072800;    3;   18.7;  75.0;eor
        183;2025072806;    3;   18.8;  74.0;eor
        183;2025072812;    3;   19.7;  71.0;eor
        183;2025072818;    3;   20.4;  69.0;eor
        183;2025072900;    3;   17.8;  70.0;eor
        183;2025072906;    3;   17.1;  74.0;eor
        183;2025072912;    3;   20.2;  64.0;eor
        183;2025072918;    3;   18.9;  66.0;eor
        183;2025073000;    3;   14.8;  80.0;eor
        183;2025073006;    3;   15.3;  83.0;eor
        183;2025073012;    3;   17.8;  66.0;eor
        183;2025073018;    3;   17.4;  71.0;eor
        183;2025073100;    3;   14.6;  88.0;eor
        183;2025073106;    3;   15.3;  84.0;eor
        183;2025073112;    3;   17.4;  77.0;eor
        183;2025073118;    3;   18.7;  74.0;eor
        183;2025080100;    3;   15.0;  98.0;eor
        183;2025080106;    3;   16.4;  95.0;eor
        183;2025080112;    3;   19.4;  75.0;eor
        183;2025080118;    3;   19.2;  69.0;eor
        183;2025080200;    3;   15.0;  97.0;eor
        183;2025080206;    3;   17.2;  91.0;eor
        183;2025080212;    3;   20.4;  65.0;eor
        183;2025080218;    3;   20.0;  68.0;eor
        183;2025080300;    1;   15.7;  92.0;eor
        183;2025080306;    1;   17.0;  88.0;eor
        183;2025080312;    1;   19.2;  70.0;eor
        183;2025080318;    1;   17.2;  83.0;eor
        183;2025080400;    1;   15.3;  93.0;eor
        183;2025080406;    1;   15.3;  95.0;eor
        183;2025080412;    1;   18.8;  78.0;eor
        183;2025080418;    1;   19.2;  70.0;eor
        183;2025080500;    1;   17.6;  80.0;eor
        183;2025080506;    1;   16.6;  77.0;eor
        183;2025080512;    1;   19.6;  57.0;eor
        183;2025080518;    1;   17.8;  59.0;eor
        183;2025080600;    1;   15.5;  69.0;eor
        183;2025080606;    1;   16.1;  69.0;eor
        183;2025080612;    1;   18.7;  60.0;eor
        183;2025080618;    1;   17.4;  69.0;eor
        183;2025080700;    1;   16.1;  77.0;eor
        183;2025080706;    1;   16.5;  84.0;eor
        183;2025080712;    1;   20.7;  55.0;eor
        183;2025080718;    1;   18.4;  81.0;eor
        183;2025080800;    1;   19.1;  71.0;eor
        183;2025080806;    1;   19.4;  73.0;eor
        183;2025080812;    1;   23.8;  40.0;eor
        183;2025080818;    1;   21.6;  59.0;eor
        183;2025080900;    1;   18.0;  74.0;eor
        183;2025080906;    1;   17.5;  75.0;eor
        183;2025080912;    1;   19.2;  67.0;eor
        183;2025080918;    1;   18.7;  82.0;eor
        183;2025081000;    1;   17.2;  89.0;eor
        183;2025081006;    1;   17.1;  78.0;eor
        183;2025081012;    1;   20.3;  61.0;eor
        183;2025081018;    1;   18.9;  69.0;eor
        183;2025081100;    1;   17.2;  69.0;eor
        183;2025081106;    1;   17.2;  71.0;eor
        183;2025081112;    1;   19.4;  59.0;eor
        183;2025081118;    1;   18.0;  68.0;eor
        183;2025081200;    1;   14.0;  92.0;eor
        183;2025081206;    1;   17.4;  75.0;eor
        183;2025081212;    1;   21.1;  61.0;eor
        183;2025081218;    1;   18.9;  83.0;eor
        183;2025081300;    1;   18.3;  90.0;eor
        183;2025081306;    1;   20.2;  78.0;eor
        183;2025081312;    1;   21.7;  78.0;eor
        183;2025081318;    1;   19.6;  86.0;eor
        183;2025081400;    1;   19.0;  96.0;eor
        183;2025081406;    1;   21.0;  82.0;eor
        183;2025081412;    1;   22.6;  77.0;eor
        183;2025081418;    1;   20.7;  90.0;eor
        183;2025081500;    1;   23.1;  69.0;eor
        183;2025081506;    1;   22.7;  72.0;eor
        183;2025081512;    1;   26.3;  67.0;eor
        183;2025081518;    1;   22.4;  71.0;eor
        183;2025081600;    1;   19.2;  87.0;eor
        183;2025081606;    1;   16.3;  79.0;eor
        183;2025081612;    1;   19.0;  69.0;eor
        183;2025081618;    1;   19.3;  61.0;eor
        183;2025081700;    1;   17.8;  73.0;eor
        183;2025081706;    1;   17.4;  58.0;eor
        183;2025081712;    1;   19.6;  55.0;eor
        183;2025081718;    1;   18.4;  65.0;eor
        183;2025081800;    1;   16.9;  84.0;eor
        183;2025081806;    1;   17.7;  85.0;eor
        183;2025081812;    1;   20.2;  64.0;eor
        183;2025081818;    1;   20.1;  54.0;eor
        183;2025081900;    1;   16.2;  81.0;eor
        183;2025081906;    1;   18.5;  86.0;eor
        183;2025081912;    1;   22.4;  59.0;eor
        183;2025081918;    1;   19.1;  78.0;eor
        183;2025082000;    1;   18.2;  86.0;eor
        183;2025082006;    1;   17.3;  73.0;eor
        183;2025082012;    1;   19.3;  58.0;eor
        183;2025082018;    1;   16.6;  60.0;eor
        183;2025082100;    1;   13.8;  76.0;eor
        183;2025082106;    1;   15.2;  68.0;eor
        183;2025082112;    1;   19.6;  51.0;eor
        183;2025082118;    1;   17.1;  57.0;eor
        183;2025082200;    1;   15.4;  69.0;eor
        183;2025082206;    1;   15.1;  66.0;eor
        183;2025082212;    1;   16.6;  59.0;eor
        183;2025082218;    1;   15.1;  74.0;eor
        183;2025082300;    1;   14.1;  68.0;eor
        183;2025082306;    1;   11.2;  75.0;eor
        183;2025082312;    1;   15.3;  57.0;eor
        183;2025082318;    1;   15.4;  57.0;eor
        183;2025082400;    1;   14.8;  61.0;eor
        183;2025082406;    1;   14.6;  63.0;eor
        183;2025082412;    1;   17.3;  61.0;eor
        183;2025082418;    1;   16.9;  67.0;eor
        183;2025082500;    1;   15.2;  77.0;eor
        183;2025082506;    1;   14.6;  69.0;eor
        183;2025082512;    1;   15.8;  62.0;eor
        183;2025082518;    1;   16.8;  66.0;eor
        183;2025082600;    1;   13.7;  87.0;eor
        183;2025082606;    1;   16.0;  77.0;eor
        183;2025082612;    1;   18.9;  55.0;eor
        183;2025082618;    1;   16.5;  73.0;eor
        183;2025082700;    1;   16.7;  79.0;eor
        183;2025082706;    1;   17.5;  73.0;eor
        183;2025082712;    1;   20.5;  65.0;eor
        183;2025082718;    1;   18.9;  85.0;eor
        183;2025082800;    1;   19.0;  74.0;eor
        183;2025082806;    1;   17.4;  95.0;eor
        183;2025082812;    1;   19.4;  87.0;eor
        183;2025082818;    1;   18.3; 100.0;eor
        183;2025082900;    1;   17.3; 100.0;eor
        183;2025082906;    1;   17.1;  99.0;eor
        183;2025082912;    1;   18.9;  84.0;eor
        183;2025082918;    1;   17.6;  87.0;eor
        183;2025083000;    1;   17.6;  94.0;eor
        183;2025083006;    1;   16.5; 100.0;eor
        183;2025083012;    1;   19.8;  80.0;eor
        183;2025083018;    1;   18.2;  84.0;eor
        183;2025083100;    1;   16.1;  98.0;eor
        183;2025083106;    1;   16.8;  82.0;eor
        183;2025083112;    1;   22.6;  58.0;eor
        183;2025083118;    1;   18.8;  86.0;eor
        183;2025090100;    1;   19.0;  87.0;eor
        183;2025090106;    1;   19.2;  79.0;eor
        183;2025090112;    1;   21.9;  76.0;eor
        183;2025090118;    1;   19.2;  93.0;eor
        183;2025090200;    1;   18.2;  92.0;eor
        183;2025090206;    1;   17.4;  97.0;eor
        183;2025090212;    1;   17.5;  93.0;eor
        183;2025090218;    1;   17.6;  94.0;eor
        183;2025090300;    1;   15.7;  94.0;eor
        183;2025090306;    1;   16.2;  92.0;eor
        183;2025090312;    1;   20.9;  70.0;eor
        183;2025090318;    1;   20.4;  73.0;eor
        183;2025090400;    1;   18.8;  79.0;eor
        183;2025090406;    1;   18.5;  76.0;eor
        183;2025090412;    1;   22.1;  67.0;eor
        183;2025090418;    1;   18.9;  89.0;eor
        183;2025090500;    1;   18.5;  98.0;eor
        183;2025090506;    1;   17.9;  90.0;eor
        183;2025090512;    1;   18.9;  89.0;eor
        183;2025090518;    1;   17.3;  91.0;eor
        183;2025090600;    1;   17.2;  84.0;eor
        183;2025090606;    1;   16.3;  81.0;eor
        183;2025090612;    1;   18.6;  70.0;eor
        183;2025090618;    1;   15.9;  86.0;eor
        183;2025090700;    1;   14.3;  97.0;eor
        183;2025090706;    1;   16.4;  80.0;eor
        183;2025090712;    1;   18.5;  69.0;eor
        183;2025090718;    1;   16.7;  81.0;eor
        183;2025090800;    1;   17.0;  91.0;eor
        183;2025090806;    1;   18.0;  85.0;eor
        183;2025090812;    1;   19.8;  77.0;eor
        183;2025090818;    1;   17.5;  94.0;eor
        183;2025090900;    1;   18.0;  98.0;eor
        183;2025090906;    1;   18.6; 100.0;eor
        183;2025090912;    1;   20.7;  77.0;eor
        183;2025090918;    1;   18.4;  94.0;eor
        183;2025091000;    1;   18.8;  90.0;eor
        183;2025091006;    1;   18.7;  83.0;eor
        183;2025091012;    1;   18.7;  85.0;eor
        183;2025091018;    1;   18.9;  90.0;eor
        183;2025091100;    1;   16.7;  96.0;eor
        183;2025091106;    1;   15.9;  95.0;eor
        183;2025091112;    1;   21.3;  61.0;eor
        183;2025091118;    1;   16.9;  81.0;eor
        183;2025091200;    1;   14.6;  95.0;eor
        183;2025091206;    1;   13.5;  87.0;eor
        183;2025091212;    1;   18.6;  63.0;eor
        183;2025091218;    1;   14.7;  76.0;eor
        183;2025091300;    1;   12.7;  95.0;eor
        183;2025091306;    1;   13.9;  80.0;eor
        183;2025091312;    1;   18.3;  63.0;eor
        183;2025091318;    1;   16.1;  78.0;eor
        183;2025091400;    1;   15.5;  86.0;eor
        183;2025091406;    1;   15.8;  81.0;eor
        183;2025091412;    1;   15.9;  83.0;eor
        183;2025091418;    1;   13.3;  85.0;eor
        183;2025091500;    1;   12.2;  94.0;eor
        183;2025091506;    1;   15.2;  72.0;eor
        183;2025091512;    1;   18.9;  76.0;eor
        183;2025091518;    1;   14.5;  82.0;eor
        183;2025091600;    1;   14.0;  78.0;eor
        183;2025091606;    1;   14.3;  76.0;eor
        183;2025091612;    1;   16.9;  77.0;eor
        183;2025091618;    1;   14.7;  85.0;eor
        183;2025091700;    1;   13.6;  87.0;eor
        183;2025091706;    1;   14.1;  85.0;eor
        183;2025091712;    1;   16.9;  76.0;eor
        183;2025091718;    1;   14.9;  84.0;eor
        183;2025091800;    1;   13.9;  85.0;eor
        183;2025091806;    1;   14.4; 100.0;eor
        183;2025091812;    1;   19.0;  82.0;eor
        183;2025091818;    1;   16.9;  86.0;eor
        183;2025091900;    1;   16.9;  99.0;eor
        183;2025091906;    1;   17.5;  96.0;eor
        183;2025091912;    1;   18.6;  87.0;eor
        183;2025091918;    1;   16.6;  94.0;eor
        183;2025092000;    1;   16.0;  95.0;eor
        183;2025092006;    1;   15.8;  91.0;eor
        183;2025092012;    1;   23.6;  63.0;eor
        183;2025092018;    1;   19.6;  80.0;eor
        183;2025092100;    1;   18.3;  86.0;eor
        183;2025092106;    1;   18.4;  86.0;eor
        183;2025092112;    1;   21.1;  68.0;eor
        183;2025092118;    1;   14.9;  82.0;eor
        183;2025092200;    1;   13.5;  64.0;eor
        183;2025092206;    1;   12.7;  64.0;eor
        183;2025092212;    1;   14.5;  56.0;eor
        183;2025092218;    1;   12.9;  59.0;eor
        183;2025092300;    1;   12.4;  69.0;eor
        183;2025092306;    1;   11.9;  71.0;eor
        183;2025092312;    1;   14.7;  62.0;eor
        183;2025092318;    1;   12.4;  68.0;eor
        183;2025092400;    1;   11.5;  64.0;eor
        183;2025092406;    1;   12.9;  60.0;eor
        183;2025092412;    1;   15.3;  56.0;eor
        183;2025092418;    1;   13.0;  70.0;eor
        183;2025092500;    1;   13.7;  69.0;eor
        183;2025092506;    1;   13.5;  70.0;eor
        183;2025092512;    1;   14.7;  63.0;eor
        183;2025092518;    1;   14.2;  74.0;eor
        183;2025092600;    1;   13.5;  73.0;eor
        183;2025092606;    1;   13.6;  68.0;eor
        183;2025092612;    1;   14.9;  61.0;eor
        183;2025092618;    1;   14.4;  72.0;eor
        183;2025092700;    1;   13.8;  69.0;eor
        183;2025092706;    1;   13.7;  74.0;eor
        183;2025092712;    1;   15.3;  61.0;eor
        183;2025092718;    1;   14.4;  77.0;eor
        183;2025092800;    1;   13.6;  78.0;eor
        183;2025092806;    1;   13.8;  75.0;eor
        183;2025092812;    1;   15.4;  73.0;eor
        183;2025092818;    1;   14.4;  80.0;eor
        183;2025092900;    1;   14.1;  83.0;eor
        183;2025092906;    1;   14.0;  75.0;eor
        183;2025092912;    1;   14.4;  73.0;eor
        183;2025092918;    1;   12.7;  76.0;eor
        183;2025093000;    1;   12.4;  74.0;eor
        183;2025093006;    1;   11.7;  71.0;eor
        183;2025093012;    1;   12.7;  61.0;eor
        183;2025093018;    1;   11.5;  70.0;eor
        183;2025100100;    1;    9.1;  76.0;eor
        183;2025100106;    1;   10.4;  73.0;eor
        183;2025100112;    1;   14.2;  63.0;eor
        183;2025100118;    1;   11.8;  73.0;eor
        183;2025100200;    1;    9.5;  77.0;eor
        183;2025100206;    1;    8.9;  76.0;eor
        183;2025100212;    1;   13.7;  69.0;eor
        183;2025100218;    1;   11.4;  78.0;eor
        183;2025100300;    1;   11.2;  79.0;eor
        183;2025100306;    1;    9.4;  83.0;eor
        183;2025100312;    1;   14.0;  55.0;eor
        183;2025100318;    1;   11.6;  70.0;eor
        183;2025100400;    1;   10.3;  71.0;eor
        183;2025100406;    1;    9.7;  69.0;eor
        183;2025100412;    1;    8.3;  98.0;eor
        183;2025100418;    1;   10.5;  93.0;eor
        183;2025100500;    1;    9.1;  90.0;eor
        183;2025100506;    1;   10.7;  89.0;eor
        183;2025100512;    1;   13.5;  76.0;eor
        183;2025100518;    1;   12.0;  85.0;eor
        183;2025100600;    1;   12.1;  93.0;eor
        183;2025100606;    1;   12.1;  94.0;eor
        183;2025100612;    1;   13.4;  88.0;eor
        183;2025100618;    1;   13.4;  78.0;eor
        183;2025100700;    1;   12.8;  92.0;eor
        183;2025100706;    1;   11.9;  95.0;eor
        183;2025100712;    1;   14.3;  89.0;eor
        183;2025100718;    1;   13.4; 100.0;eor
        183;2025100800;    1;   14.0; 100.0;eor
        183;2025100806;    1;   13.3;  96.0;eor
        183;2025100812;    1;   14.1;  96.0;eor
        183;2025100818;    1;   13.5;  99.0;eor
        183;2025100900;    1;   12.8;  77.0;eor
        183;2025100906;    1;   12.5;  77.0;eor
        183;2025100912;    1;   13.8;  73.0;eor
        183;2025100918;    1;   12.9;  96.0;eor
        183;2025101000;    1;   13.4;  82.0;eor
        183;2025101006;    1;   12.6;  79.0;eor
        183;2025101012;    1;   14.4;  80.0;eor
        183;2025101018;    1;   14.1;  86.0;eor
        183;2025101100;    1;   13.8;  87.0;eor
        183;2025101106;    1;   12.8;  85.0;eor
        183;2025101112;    1;   13.5;  81.0;eor
        183;2025101118;    1;   13.4;  79.0;eor
        183;2025101200;    1;   12.2;  79.0;eor
        183;2025101206;    1;   12.4;  96.0;eor
        183;2025101212;    1;   14.2;  89.0;eor
        183;2025101218;    1;   13.3;  95.0;eor
        183;2025101300;    1;   10.6;  78.0;eor
        183;2025101306;    1;    9.7;  79.0;eor
        183;2025101312;    1;   13.1;  62.0;eor
        183;2025101318;    1;   10.1;  81.0;eor
        183;2025101400;    1;   12.2;  88.0;eor
        183;2025101406;    1;   12.3;  94.0;eor
        183;2025101412;    1;   12.3;  84.0;eor
        183;2025101418;    1;   11.1;  89.0;eor
